MEMORY
  total            13.4 MB
  struct          159.0 KB
  buffer          199.5 KB
  arena            13.0 MB, used 0.2%

SIZES
  narena                13631488
  nbuffer               204288
  nplugin               0
  maxuse_stack          1944
  maxuse_arena          30736
  maxuse_con            2
  maxuse_efc            8
  ncon                  2
  ne                    0
  nf                    0
  nl                    0
  nefc                  8
  nJ                    64
  nA                    0
  nisland               0
  threadpool            0

TIMER
    0:  duration =  0          number = 0
    1:  duration =  0.4        number = 8
    2:  duration =  0          number = 0
    3:  duration =  0.27       number = 8
    4:  duration =  0.03       number = 8
    5:  duration =  0.0062     number = 8
    6:  duration =  0.048      number = 8
    7:  duration =  0          number = 0
    8:  duration =  0.059      number = 8
    9:  duration =  0.012      number = 16
    10:  duration =  0.15       number = 8
    11:  duration =  0.044      number = 8
    12:  duration =  0.0013     number = 8
    13:  duration =  0.03       number = 8
    14:  duration =  0.072      number = 8

SOLVER STAT
  solver_fwdinv =   0         0       
ENERGY =   0         0       

TIME =  0       

QPOS
   0       
   0       
   0.04    
   1       
   0       
   0       
   0       
   0       
   0       

QVEL
   0       
   0       
   0       
   0       
   0       
   0       
   0       
   0       

QACC_WARMSTART
  -0.00012 
   0.22    
  -1.3     
   9       
  -0.0049  
  -0.015   
  -14      
   14      

CTRL
   0       
   0       

QFRC_APPLIED
   0       
   0       
   0       
   0       
   0       
   0       
   0       
   0       

XFRC_APPLIED
   0         0         0         0         0         0       
   0         0         0         0         0         0       
   0         0         0         0         0         0       
   0         0         0         0         0         0       
   0         0         0         0         0         0       
   0         0         0         0         0         0       
   0         0         0         0         0         0       
   0         0         0         0         0         0       
   0         0         0         0         0         0       
   0         0         0         0         0         0       
   0         0         0         0         0         0       
   0         0         0         0         0         0       
   0         0         0         0         0         0       
   0         0         0         0         0         0       
   0         0         0         0         0         0       
   0         0         0         0         0         0       
   0         0         0         0         0         0       
   0         0         0         0         0         0       
   0         0         0         0         0         0       
   0         0         0         0         0         0       

QACC
  -0.00012 
   0.22    
  -1.3     
   9       
  -0.0049  
  -0.015   
  -14      
   14      

SENSOR
   1       
   0       
   0       
   0       
   0       
  -5.2e-18 
   0.04    
   0       
   0       
   0       
  -0.00012 
   0.22    
   8.6     
   0       
   0       
   0       
   0       

XPOS
   0         0         0       
   0         0         0       
   0         0         0.04    
   0        -0.0097    0.06    
   0         0.009     0.061   
   0        -0.0097    0.04    
   0.043     0.01      0.15    
   0.043    -0.01      0.15    
  -0.043     0.01      0.15    
  -0.043    -0.01      0.15    
   0         0         0.098   
   0         0         0.083   
   0         0         0.068   
   0         0         0.053   
   0         0         0.037   
   0         0         0.022   
   0.051     0         0.04    
  -0.051     0         0.04    
   0         1         0       
   0        -1         0       

XQUAT
   1         0         0         0       
   1         0         0         0       
   1         0         0         0       
   0.71      0.71      0         0       
   3.7e-33   6.1e-17  -1         6.1e-17 
   0.71      0.71      0         0       
   0.71     -0.71      0         0       
   4.3e-17  -4.3e-17   0.71     -0.71    
   0.71     -0.71      0         0       
   4.3e-17  -4.3e-17   0.71     -0.71    
   1         0         0         0       
   1         0         0         0       
   1         0         0         0       
   1         0         0         0       
   1         0         0         0       
   1         0         0         0       
   1         0         0         0       
   1         0         0         0       
   1         0         0         0       
   1         0         0         0       

XMAT
   1         0         0         0         1         0         0         0         1       
   1         0         0         0         1         0         0         0         1       
   1         0         0         0         1         0         0         0         1       
   1         0         0         0         2.2e-16  -1         0         1         2.2e-16 
  -1        -1.2e-16   0        -1.2e-16   1        -1.2e-16   1.5e-32  -1.2e-16  -1       
   1         0         0         0         2.2e-16  -1         0         1         2.2e-16 
   1        -0         0         0         2.2e-16   1        -0        -1         2.2e-16 
  -1         0         1.2e-16  -1.2e-16   2.2e-16  -1        -2.5e-32  -1        -2.2e-16 
   1        -0         0         0         2.2e-16   1        -0        -1         2.2e-16 
  -1         0         1.2e-16  -1.2e-16   2.2e-16  -1        -2.5e-32  -1        -2.2e-16 
   1         0         0         0         1         0         0         0         1       
   1         0         0         0         1         0         0         0         1       
   1         0         0         0         1         0         0         0         1       
   1         0         0         0         1         0         0         0         1       
   1         0         0         0         1         0         0         0         1       
   1         0         0         0         1         0         0         0         1       
   1         0         0         0         1         0         0         0         1       
   1         0         0         0         1         0         0         0         1       
   1         0         0         0         1         0         0         0         1       
   1         0         0         0         1         0         0         0         1       

XIPOS
   0         0         0       
   0         0         0       
   0         0         0.08    
  -2.1e-05  -0.003     0.058   
   2.3e-06   0.009     0.066   
  -0.0011   -0.012     0.068   
   0.043    -0.022     0.14    
   0.043     0.022     0.14    
  -0.043    -0.022     0.14    
  -0.043     0.022     0.14    
   0.00046   8.7e-20   0.098   
  -0.00046   8.7e-20   0.082   
   0.00046   8.7e-20   0.068   
  -0.00046   8.7e-20   0.052   
   0.00046   8.7e-20   0.038   
  -0.00046   8.7e-20   0.022   
   0.051    -7.6e-07   0.04    
  -0.051     7.6e-07   0.04    
   0         1         0.2     
   0        -1         0.2     

XIMAT
   1         0         0         0         1         0         0         0         1       
   1         0         0         0         1         0         0         0         1       
   1         0         0         0         1         0         0         0         1       
  -0.00012  -1         0.0048   -1        -3.3e-05  -0.032     0.032    -0.0048   -1       
  -1.1e-16   1        -0.00013   1         6.6e-06   0.05      0.05     -0.00013  -1       
   0.0061   -1         0.07     -1        -0.0057    0.0056   -0.0052   -0.07     -1       
   1         0         0         0         0.97     -0.26      0         0.26      0.97    
  -1         1.2e-16  -3.1e-17  -1.2e-16  -0.97      0.26     -2.8e-32   0.26      0.97    
   1         0         0         0         0.97     -0.26      0         0.26      0.97    
  -1         1.2e-16  -3.1e-17  -1.2e-16  -0.97      0.26     -2.8e-32   0.26      0.97    
   2.2e-16  -0        -1         0         1        -0         1         0         2.2e-16 
   2.2e-16   0         1         0         1         0        -1         0         2.2e-16 
   2.2e-16  -0        -1         0         1        -0         1         0         2.2e-16 
   2.2e-16   0         1         0         1         0        -1         0         2.2e-16 
   2.2e-16  -0        -1         0         1        -0         1         0         2.2e-16 
   2.2e-16   0         1         0         1         0        -1         0         2.2e-16 
   1         0         0         0         0        -1         0         1         0       
  -1         0         1.2e-16   1.2e-16   0         1         0         1         0       
   1         0         0         0         1         0         0         0         1       
   1         0         0         0         1         0         0         0         1       

XANCHOR
   0         0         0.04    
   0.051     0         0.04    
  -0.051     0         0.04    

XAXIS
   0         0         1       
   1         0         0       
  -1         0         0       

GEOM_XPOS
   0         0         0       
  -2.1e-05  -0.003     0.058   
   2.3e-06   0.009     0.066   
  -0.0011   -0.012     0.068   
   0.043    -0.022     0.14    
   0.043     0.022     0.14    
  -0.043    -0.022     0.14    
  -0.043     0.022     0.14    
   0.00046   8.7e-20   0.098   
  -0.00046   8.7e-20   0.082   
   0.00046   8.7e-20   0.068   
  -0.00046   8.7e-20   0.052   
   0.00046   8.7e-20   0.038   
  -0.00046   8.7e-20   0.022   
   0.051    -7.6e-07   0.04    
  -0.051     7.6e-07   0.04    
   0         1         0.2     
   0        -1         0.2     

GEOM_XMAT
   1         0         0         0         1         0         0         0         1       
  -0.00012  -1         0.0048   -1        -3.3e-05  -0.032     0.032    -0.0048   -1       
  -1.1e-16   1        -0.00013   1         6.6e-06   0.05      0.05     -0.00013  -1       
   0.0061   -1         0.07     -1        -0.0057    0.0056   -0.0052   -0.07     -1       
   1         0         0         0         0.97     -0.26      0         0.26      0.97    
  -1         1.2e-16  -3.1e-17  -1.2e-16  -0.97      0.26     -2.8e-32   0.26      0.97    
   1         0         0         0         0.97     -0.26      0         0.26      0.97    
  -1         1.2e-16  -3.1e-17  -1.2e-16  -0.97      0.26     -2.8e-32   0.26      0.97    
   2.2e-16  -0        -1         0         1        -0         1         0         2.2e-16 
   2.2e-16   0         1         0         1         0        -1         0         2.2e-16 
   2.2e-16  -0        -1         0         1        -0         1         0         2.2e-16 
   2.2e-16   0         1         0         1         0        -1         0         2.2e-16 
   2.2e-16  -0        -1         0         1        -0         1         0         2.2e-16 
   2.2e-16   0         1         0         1         0        -1         0         2.2e-16 
   1         0         0         0         0        -1         0         1         0       
  -1         0         1.2e-16   1.2e-16   0         1         0         1         0       
   1         0         0         0         1         0         0         0         1       
   1         0         0         0         1         0         0         0         1       

SITE_XPOS
   0        -5.2e-18   0.04    

SITE_XMAT
   1         0         0         0         1         0         0         0         1       

SUBTREE_COM
  -2.3e-06  -4.8e-05   0.2     
   0         0         0       
  -7.1e-05  -0.0015    0.066   
  -2.1e-05  -0.003     0.058   
   2.3e-06   0.009     0.066   
  -0.0011   -0.012     0.068   
   0.043    -0.022     0.14    
   0.043     0.022     0.14    
  -0.043    -0.022     0.14    
  -0.043     0.022     0.14    
   0.00046   8.7e-20   0.098   
  -0.00046   8.7e-20   0.082   
   0.00046   8.7e-20   0.068   
  -0.00046   8.7e-20   0.052   
   0.00046   8.7e-20   0.038   
  -0.00046   8.7e-20   0.022   
   0.051    -7.6e-07   0.04    
  -0.051     7.6e-07   0.04    
   0         1         0.2     
   0        -1         0.2     

CDOF
   0         0         0         1         0         0       
   0         0         0         0         1         0       
   0         0         0         0         0         1       
   1         0         0         0        -0.026    -0.0015  
   0         1         0         0.026    -0         7.1e-05 
   0         0         1         0.0015   -7.1e-05   0       
   1         0         0         0        -0.026    -0.0015  
  -1         0         0         0         0.026     0.0015  

CINERT
   0         0         0         0         0         0         0         0         0         0       
   0         0         0         0         0         0         0         0         0         0       
   0         0         0         0         0         0         0         0         0         0       
   8.1e-05   0.00013   6.2e-05   1.6e-08   9.9e-08  -3.3e-06   5e-06    -0.00016  -0.00081   0.1     
   3.8e-06   3.9e-06   1.3e-06  -3.8e-09  -3.1e-10   1.6e-07   3.7e-07   5.2e-05  -2.3e-07   0.005   
   2.1e-05   2.4e-05   7.6e-06  -2.5e-07   9.7e-07   6.4e-07  -2e-05    -0.00021   5.2e-05   0.02    
   5.6e-05   6.8e-05   2.1e-05   7.7e-06  -2.8e-05   1.4e-05   0.00038  -0.00018   0.00064   0.0088  
   5.7e-05   6.8e-05   2.2e-05  -8.8e-06  -2.8e-05  -1.6e-05   0.00038   0.0002    0.00064   0.0088  
   5.6e-05   6.8e-05   2.1e-05  -7.7e-06   2.8e-05   1.4e-05  -0.00038  -0.00018   0.00064   0.0088  
   5.7e-05   6.8e-05   2.2e-05   8.8e-06   2.8e-05  -1.6e-05  -0.00038   0.0002    0.00064   0.0088  
   2.4e-05   2.8e-05   4.9e-06  -1.8e-08  -3.8e-07  -1.1e-06   1.2e-05   3.3e-05   0.00073   0.023   
   7e-06     1.1e-05   4.9e-06   1.3e-08   1.5e-07  -5.6e-07  -8.9e-06   3.3e-05   0.00039   0.023   
   6.7e-07   4.9e-06   4.9e-06  -1.8e-08  -2.1e-08  -5.9e-08   1.2e-05   3.3e-05   4.1e-05   0.023   
   4.6e-06   8.9e-06   4.9e-06   1.3e-08  -1.2e-07   4.4e-07  -8.9e-06   3.3e-05  -0.0003    0.023   
   1.9e-05   2.3e-05   4.9e-06  -1.8e-08   3.4e-07   9.5e-07   1.2e-05   3.3e-05  -0.00065   0.023   
   4.4e-05   4.8e-05   4.9e-06   1.3e-08  -3.8e-07   1.4e-06  -8.9e-06   3.3e-05  -0.00099   0.023   
   2.9e-05   7.3e-05   6e-05    -1.5e-06   2.6e-05   7.4e-07   0.001     2.9e-05  -0.00051   0.02    
   2.9e-05   7.3e-05   5.9e-05   1.5e-06  -2.6e-05   7.4e-07  -0.001     2.9e-05  -0.00051   0.02    
   0.13      0.13      0.13      0         0         0         0         0         0         5       
   0.13      0.13      0.13      0         0         0         0         0         0         5       

ACTUATOR_LENGTH
   0       
   0       

actuator_moment
----------
       x  |
        x |
----------

ACTUATOR_MOMENT
     6:  1       
     7:  1       

CRB
   0         0         0         0         0         0         0         0         0         0       
   0         0         0         0         0         0         0         0         0         0       
   0.00049   0.0007    0.0003   -2.6e-07   5.4e-07  -3.6e-06  -1.6e-19   1.6e-19  -1.6e-18   0.34    
   8.1e-05   0.00013   6.2e-05   1.6e-08   9.9e-08  -3.3e-06   5e-06    -0.00016  -0.00081   0.1     
   3.8e-06   3.9e-06   1.3e-06  -3.8e-09  -3.1e-10   1.6e-07   3.7e-07   5.2e-05  -2.3e-07   0.005   
   2.1e-05   2.4e-05   7.6e-06  -2.5e-07   9.7e-07   6.4e-07  -2e-05    -0.00021   5.2e-05   0.02    
   5.6e-05   6.8e-05   2.1e-05   7.7e-06  -2.8e-05   1.4e-05   0.00038  -0.00018   0.00064   0.0088  
   5.7e-05   6.8e-05   2.2e-05  -8.8e-06  -2.8e-05  -1.6e-05   0.00038   0.0002    0.00064   0.0088  
   5.6e-05   6.8e-05   2.1e-05  -7.7e-06   2.8e-05   1.4e-05  -0.00038  -0.00018   0.00064   0.0088  
   5.7e-05   6.8e-05   2.2e-05   8.8e-06   2.8e-05  -1.6e-05  -0.00038   0.0002    0.00064   0.0088  
   2.4e-05   2.8e-05   4.9e-06  -1.8e-08  -3.8e-07  -1.1e-06   1.2e-05   3.3e-05   0.00073   0.023   
   7e-06     1.1e-05   4.9e-06   1.3e-08   1.5e-07  -5.6e-07  -8.9e-06   3.3e-05   0.00039   0.023   
   6.7e-07   4.9e-06   4.9e-06  -1.8e-08  -2.1e-08  -5.9e-08   1.2e-05   3.3e-05   4.1e-05   0.023   
   4.6e-06   8.9e-06   4.9e-06   1.3e-08  -1.2e-07   4.4e-07  -8.9e-06   3.3e-05  -0.0003    0.023   
   1.9e-05   2.3e-05   4.9e-06  -1.8e-08   3.4e-07   9.5e-07   1.2e-05   3.3e-05  -0.00065   0.023   
   4.4e-05   4.8e-05   4.9e-06   1.3e-08  -3.8e-07   1.4e-06  -8.9e-06   3.3e-05  -0.00099   0.023   
   2.9e-05   7.3e-05   6e-05    -1.5e-06   2.6e-05   7.4e-07   0.001     2.9e-05  -0.00051   0.02    
   2.9e-05   7.3e-05   5.9e-05   1.5e-06  -2.6e-05   7.4e-07  -0.001     2.9e-05  -0.00051   0.02    
   0.13      0.13      0.13      0         0         0         0         0         0         5       
   0.13      0.13      0.13      0         0         0         0         0         0         5       

QM
   0.34    
   0         0.34    
   0         0         0.34    
   0        -0.0087   -0.00049   0.00071 
   0.0087    0         2.4e-05  -2.9e-07   0.00092 
   0.00049  -2.4e-05   0         1.2e-06   9.1e-06   0.00031 
   0         1.9e-09  -1.5e-08   1.6e-05   7.7e-10   9.6e-11   1.6e-05 
   0        -1.9e-09  -1.5e-08  -1.6e-05  -7.7e-10   9.6e-11             1.6e-05 

QLD
     0:  0.26    
     0:  0.00019    1:  0.23    
     0: -0.00066    1: -0.019      2:  0.34    
     0:  0.0018     1: -13         2: -0.72       3:  0.00068 
     0:  9.4        1:  0.00077    2:  0.026      3: -0.00035    4:  0.00092 
     0:  1.6        1: -0.078      2:  6.1e-10    3:  0.0038     4:  0.03       5:  0.00031 
     0:  0          1:  0.00012    2: -0.00097    3:  1          4:  4.9e-05    5:  6.1e-06    6:  1.6e-05 
     0:  0          1: -0.00012    2: -0.00097    3: -1          4: -4.9e-05    5:  6.1e-06    7:  1.6e-05 

QLDIAGINV
   3.9     
   4.4     
   3       
   1.5e+03 
   1.1e+03 
   3.3e+03 
   6.4e+04 
   6.4e+04 

B: body-dof matrix
----------
 xxxxxxxx |
          |
 xxxxxxxx |
 xxxxxx   |
 xxxxxx   |
 xxxxxx   |
 xxxxxx   |
 xxxxxx   |
 xxxxxx   |
 xxxxxx   |
 xxxxxx   |
 xxxxxx   |
 xxxxxx   |
 xxxxxx   |
 xxxxxx   |
 xxxxxx   |
 xxxxxxx  |
 xxxxxx x |
          |
          |
----------

B_rownnz              8 0 8 6 6 6 6 6 6 6 6 6 6 6 6 6 7 7 0 0

B_rowadr              0 8 8 16 22 28 34 40 46 52 58 64 70 76 82 88 94 101 108 108

B_colind              0 1 2 3 4 5 6 7 0 1 2 3 4 5 6 7 0 1 2 3 4 5 0 1 2 3 4 5 0 1 2 3 4 5 0 1 2 3 4 5 0 1 2 3 4 5 0 1 2 3 4 5 0 1 2 3 4 5 0 1 2 3 4 5 0 1 2 3 4 5 0 1 2 3 4 5 0 1 2 3 4 5 0 1 2 3 4 5 0 1 2 3 4 5 0 1 2 3 4 5 6 0 1 2 3 4 5 7

M: inertia matrix
----------
 x        |
 xx       |
 xxx      |
 xxxx     |
 xxxxx    |
 xxxxxx   |
 xxxxxxx  |
 xxxxxx x |
----------

M_rownnz              1 2 3 4 5 6 7 7

M_rowadr              0 1 3 6 10 15 21 28

M_colind              0 0 1 0 1 2 0 1 2 3 0 1 2 3 4 0 1 2 3 4 5 0 1 2 3 4 5 6 0 1 2 3 4 5 7

mapM2M                0 2 1 5 4 3 9 8 7 6 14 13 12 11 10 20 19 18 17 16 15 27 26 25 24 23 22 21 34 33 32 31 30 29 28

C: reduced dof-dof matrix
----------
 x        |
 xx       |
 xxx      |
 xxxx     |
 xxxxx    |
 xxxxxx   |
 xxxxxxx  |
 xxxxxx x |
----------

C_rownnz              1 2 3 4 5 6 7 7

C_rowadr              0 1 3 6 10 15 21 28

C_colind              0 0 1 0 1 2 0 1 2 3 0 1 2 3 4 0 1 2 3 4 5 0 1 2 3 4 5 6 0 1 2 3 4 5 7

mapM2C                0 2 1 5 4 3 9 8 7 6 14 13 12 11 10 20 19 18 17 16 15 27 26 25 24 23 22 21 34 33 32 31 30 29 28

D: dof-dof matrix
----------
 Dxxxxxxx |
 xDxxxxxx |
 xxDxxxxx |
 xxxDxxxx |
 xxxxDxxx |
 xxxxxDxx |
 xxxxxxD  |
 xxxxxx D |
----------

D_rownnz              8 8 8 8 8 8 7 7

D_rowadr              0 8 16 24 32 40 48 55

D_colind              0 1 2 3 4 5 6 7 0 1 2 3 4 5 6 7 0 1 2 3 4 5 6 7 0 1 2 3 4 5 6 7 0 1 2 3 4 5 6 7 0 1 2 3 4 5 6 7 0 1 2 3 4 5 6 0 1 2 3 4 5 7

mapM2D                0 2 5 9 14 20 27 34 2 1 4 8 13 19 26 33 5 4 3 7 12 18 25 32 9 8 7 6 11 17 24 31 14 13 12 11 10 16 23 30 20 19 18 17 16 15 22 29 27 26 25 24 23 22 21 34 33 32 31 30 29 28

mapD2M                0 9 8 18 17 16 27 26 25 24 36 35 34 33 32 45 44 43 42 41 40 54 53 52 51 50 49 48 61 60 59 58 57 56 55

CONTACT
  0:
     dim           3
     geoms         floor : left_wheel
     exclude       0
     efc_address   0
     solref         0.02      1       
     solimp         0.9       0.95      0.001     0.5       2       
     dist          -7.2e-10 
     includemargin  0       
     pos            0.055    -1.5e-14  -3.6e-10 
     frame          0         0         1         0         1         0        -1         0         0       
     friction       1         1         0.005     0.0001    0.0001  
     mu             1       
  1:
     dim           3
     geoms         floor : right_wheel
     exclude       0
     efc_address   4
     solref         0.02      1       
     solimp         0.9       0.95      0.001     0.5       2       
     dist          -7.2e-10 
     includemargin  0       
     pos           -0.055     1.5e-14  -3.6e-10 
     frame          0         0         1         0         1         0        -1         0         0       
     friction       1         1         0.005     0.0001    0.0001  
     mu             1       

EFC_TYPE
  6
  6
  6
  6
  6
  6
  6
  6

EFC_ID
  0
  0
  0
  0
  1
  1
  1
  1

EFC_J
   0         1         1         0.04     -0.055     0.055     0.04      0       
   0        -1         1        -0.04     -0.055    -0.055    -0.04      0       
  -1         0         1        -1.5e-14  -0.015    -1.5e-14  -1.5e-14   0       
   1         0         1        -1.5e-14  -0.095     1.5e-14  -1.5e-14   0       
   0         1         1         0.04      0.055    -0.055     0        -0.04    
   0        -1         1        -0.04      0.055     0.055     0         0.04    
  -1         0         1         1.5e-14   0.095     1.5e-14   0        -1.5e-14 
   1         0         1         1.5e-14   0.015    -1.5e-14   0        -1.5e-14 

EFC_POS
  -7.2e-10 
  -7.2e-10 
  -7.2e-10 
  -7.2e-10 
  -7.2e-10 
  -7.2e-10 
  -7.2e-10 
  -7.2e-10 

EFC_MARGIN
   0       
   0       
   0       
   0       
   0       
   0       
   0       
   0       

EFC_FRICTIONLOSS
   0       
   0       
   0       
   0       
   0       
   0       
   0       
   0       

EFC_DIAGAPPROX
   31      
   31      
   31      
   31      
   31      
   31      
   31      
   31      

EFC_KBIP
   2.8e+03   1.1e+02   0.9      -0.00014 
   2.8e+03   1.1e+02   0.9      -0.00014 
   2.8e+03   1.1e+02   0.9      -0.00014 
   2.8e+03   1.1e+02   0.9      -0.00014 
   2.8e+03   1.1e+02   0.9      -0.00014 
   2.8e+03   1.1e+02   0.9      -0.00014 
   2.8e+03   1.1e+02   0.9      -0.00014 
   2.8e+03   1.1e+02   0.9      -0.00014 

EFC_D
   0.29    
   0.29    
   0.29    
   0.29    
   0.29    
   0.29    
   0.29    
   0.29    

EFC_R
   3.5     
   3.5     
   3.5     
   3.5     
   3.5     
   3.5     
   3.5     
   3.5     

ACTUATOR_VELOCITY
   0       
   0       

CVEL
   0         0         0         0         0         0       
   0         0         0         0         0         0       
   0         0         0         0         0         0       
   0         0         0         0         0         0       
   0         0         0         0         0         0       
   0         0         0         0         0         0       
   0         0         0         0         0         0       
   0         0         0         0         0         0       
   0         0         0         0         0         0       
   0         0         0         0         0         0       
   0         0         0         0         0         0       
   0         0         0         0         0         0       
   0         0         0         0         0         0       
   0         0         0         0         0         0       
   0         0         0         0         0         0       
   0         0         0         0         0         0       
   0         0         0         0         0         0       
   0         0         0         0         0         0       
   0         0         0         0         0         0       
   0         0         0         0         0         0       

CDOF_DOT
   0         0         0         0         0         0       
   0         0         0         0         0         0       
   0         0         0         0         0         0       
   0         0         0         0         0         0       
   0         0         0         0         0         0       
   0         0         0         0         0         0       
   0         0         0         0         0         0       
   0        -0         0         0         0         0       

QFRC_BIAS
   0       
   0       
   3.3     
  -0.0048  
   0.00023 
   0       
  -1.5e-07 
  -1.5e-07 

QFRC_SPRING
   0       
   0       
   0       
   0       
   0       
   0       
   0       
   0       

QFRC_DAMPER
   0       
   0       
   0       
   0       
   0       
   0       
   0       
   0       

QFRC_GRAVCOMP
   0       
   0       
   0       
   0       
   0       
   0       
   0       
   0       

QFRC_FLUID
   0       
   0       
   0       
   0       
   0       
   0       
   0       
   0       

QFRC_PASSIVE
   0       
   0       
   0       
   0       
   0       
   0       
   0       
   0       

EFC_VEL
   0       
   0       
   0       
   0       
   0       
   0       
   0       
   0       

EFC_AREF
   1.8e-06 
   1.8e-06 
   1.8e-06 
   1.8e-06 
   1.8e-06 
   1.8e-06 
   1.8e-06 
   1.8e-06 

SUBTREE_LINVEL
   0         0         0       
   0         0         0       
   0         0         0       
   0         0         0       
   0         0         0       
   0         0         0       
   0         0         0       
   0         0         0       
   0         0         0       
   0         0         0       
   0         0         0       
   0         0         0       
   0         0         0       
   0         0         0       
   0         0         0       
   0         0         0       
   0         0         0       
   0         0         0       
   0         0         0       
   0         0         0       

SUBTREE_ANGMOM
   0         0         0       
   0         0         0       
   0         0         0       
   0         0         0       
   0         0         0       
   0         0         0       
   0         0         0       
   0         0         0       
   0         0         0       
   0         0         0       
   0         0         0       
   0         0         0       
   0         0         0       
   0         0         0       
   0         0         0       
   0         0         0       
   0         0         0       
   0         0         0       
   0         0         0       
   0         0         0       

ACTUATOR_FORCE
   0       
   0       

QFRC_ACTUATOR
   0       
   0       
   0       
   0       
   0       
   0       
   0       
   0       

QFRC_SMOOTH
   0       
   0       
  -3.3     
   0.0048  
  -0.00023 
   0       
   1.5e-07 
   1.5e-07 

QACC_SMOOTH
  -1.7e-17 
   9.2e-17 
  -9.8     
   3.6e-15 
   7.2e-16 
  -3.7e-19 
  -1.2e-15 
   3.8e-15 

EFC_B
  -9.8     
  -9.8     
  -9.8     
  -9.8     
  -9.8     
  -9.8     
  -9.8     
  -9.8     

EFC_FORCE
   0.36    
   0.36    
   0.36    
   0.36    
   0.36    
   0.36    
   0.36    
   0.36    

EFC_STATE
  1
  1
  1
  1
  1
  1
  1
  1

QFRC_CONSTRAINT
  -9e-05   
  -0.0042  
   2.9     
  -0.00017 
   0.0002  
   5.1e-07 
  -8.4e-05 
   8.4e-05 

QFRC_INVERSE
   0       
   0       
   0       
   0       
   0       
   0       
   0       
   0       

CACC
   0         0         0        -0        -0         9.8     
   0         0         0         0         0         9.8     
   9        -0.0049   -0.015    -0.00027  -0.012     8.5     
   9        -0.0049   -0.015    -0.00027  -0.012     8.5     
   9        -0.0049   -0.015    -0.00027  -0.012     8.5     
   9        -0.0049   -0.015    -0.00027  -0.012     8.5     
   9        -0.0049   -0.015    -0.00027  -0.012     8.5     
   9        -0.0049   -0.015    -0.00027  -0.012     8.5     
   9        -0.0049   -0.015    -0.00027  -0.012     8.5     
   9        -0.0049   -0.015    -0.00027  -0.012     8.5     
   9        -0.0049   -0.015    -0.00027  -0.012     8.5     
   9        -0.0049   -0.015    -0.00027  -0.012     8.5     
   9        -0.0049   -0.015    -0.00027  -0.012     8.5     
   9        -0.0049   -0.015    -0.00027  -0.012     8.5     
   9        -0.0049   -0.015    -0.00027  -0.012     8.5     
   9        -0.0049   -0.015    -0.00027  -0.012     8.5     
  -5.3      -0.0049   -0.015    -0.00027   0.36      8.6     
  -5.4      -0.0049   -0.015    -0.00027   0.36      8.6     
   0         0         0         0         0         9.8     
   0         0         0         0         0         9.8     

CFRC_INT
  -1.5e-12   0.00019   5.1e-07  -9e-05    -0.0042    1e+02   
  -1.5e-12   0.00019   5.1e-07  -9e-05    -0.0042    2.9     
   4.7e-18  -3.1e-17   6e-18    -1.5e-17   7.9e-17   1.2e-15 
  -0.00062  -4.3e-05  -1.1e-07  -2.5e-05   0.006     0.86    
   0.00048  -3.2e-06  -1.4e-08  -5.5e-07  -6e-05     0.043   
  -0.0016    0.00017   8.7e-06  -8.6e-06  -0.00072   0.17    
  -0.001    -0.0031   -0.00025  -8.1e-06  -0.0059    0.073   
   0.0023   -0.0033   -0.00025  -2.5e-06  -0.0059    0.077   
  -0.001     0.0031    0.00025  -8.1e-06  -0.0059    0.073   
   0.0023    0.0033    0.00025  -2.5e-06  -0.0059    0.077   
   0.00051  -0.0001   -3.7e-06  -9.2e-06  -0.0068    0.2     
   0.00035   7.6e-05   1.4e-06  -7.5e-06  -0.0037    0.2     
   0.00029  -0.0001   -4.1e-07  -5.8e-06  -0.00065   0.2     
   0.00032   7.6e-05  -1e-06    -4.1e-06   0.0024    0.2     
   0.00045  -0.0001    2.8e-06  -2.4e-06   0.0055    0.2     
   0.00066   7.6e-05  -3.4e-06  -7.4e-07   0.0086    0.2     
  -0.0017    0.07      0.00033   4.3e-05   0.0064   -1.3     
  -0.0017   -0.07     -0.00034   4.3e-05   0.0064   -1.3     
   0         0         0         0         0         49      
   0         0         0         0         0         49      

CFRC_EXT
   0         0         0         0         0         0       
   1.5e-12  -0.00019  -5.1e-07   9e-05     0.0042   -2.9     
   0         0         0         0         0         0       
   0         0         0         0         0         0       
   0         0         0         0         0         0       
   0         0         0         0         0         0       
   0         0         0         0         0         0       
   0         0         0         0         0         0       
   0         0         0         0         0         0       
   0         0         0         0         0         0       
   0         0         0         0         0         0       
   0         0         0         0         0         0       
   0         0         0         0         0         0       
   0         0         0         0         0         0       
   0         0         0         0         0         0       
   0         0         0         0         0         0       
   0.002    -0.079    -0.00011  -4.5e-05  -0.0021    1.4     
   0.002     0.079     0.00011  -4.5e-05  -0.0021    1.4     
   0         0         0         0         0         0       
   0         0         0         0         0         0       

